142
1 1 0
1 2 0
142 1 0
142 2 0
283 1 0
283 2 0
424 1 0
424 2 0
565 1 0
565 2 0
706 1 0
706 2 0
847 1 0
847 2 0
988 1 0
988 2 0
1129 1 0
1129 2 0
1270 1 0
1270 2 0
1411 1 0
1411 2 0
1552 1 0
1552 2 0
1693 1 0
1693 2 0
1834 1 0
1834 2 0
1975 1 0
1975 2 0
2116 1 0
2116 2 0
2257 1 0
2257 2 0
2398 1 0
2398 2 0
2539 1 0
2539 2 0
2680 1 0
2680 2 0
2821 1 0
2821 2 0
2962 1 0
2962 2 0
3103 1 0
3103 2 0
3244 1 0
3244 2 0
3385 1 0
3385 2 0
3526 1 0
3526 2 0
3667 1 0
3667 2 0
3808 1 0
3808 2 0
3949 1 0
3949 2 0
4090 1 0
4090 2 0
4231 1 0
4231 2 0
4372 1 0
4372 2 0
4513 1 0
4513 2 0
4654 1 0
4654 2 0
4795 1 0
4795 2 0
4936 1 0
4936 2 0
5077 1 0
5077 2 0
5218 1 0
5218 2 0
5359 1 0
5359 2 0
5500 1 0
5500 2 0
5641 1 0
5641 2 0
5782 1 0
5782 2 0
5923 1 0
5923 2 0
6064 1 0
6064 2 0
6205 1 0
6205 2 0
6346 1 0
6346 2 0
6487 1 0
6487 2 0
6628 1 0
6628 2 0
6769 1 0
6769 2 0
6910 1 0
6910 2 0
7051 1 0
7051 2 0
7192 1 0
7192 2 0
7333 1 0
7333 2 0
7474 1 0
7474 2 0
7615 1 0
7615 2 0
7756 1 0
7756 2 0
7897 1 0
7897 2 0
8038 1 0
8038 2 0
8179 1 0
8179 2 0
8320 1 0
8320 2 0
8461 1 0
8461 2 0
8602 1 0
8602 2 0
8743 1 0
8743 2 0
8884 1 0
8884 2 0
9025 1 0
9025 2 0
9166 1 0
9166 2 0
9307 1 0
9307 2 0
9448 1 0
9448 2 0
9589 1 0
9589 2 0
9730 1 0
9730 2 0
9871 1 0
9871 2 0